From: "ibbslastcall" <ibbslastcall@100.1.21.fidonet.org>
Newsgroups: fidonet.fsx_dat
Subject: ibbslastcall-data
Date: Fri, 15 Aug 2025 05:41:09 GMT
Message-ID: 21:1/126 e76f9fd4
Organization: * Origin: Al's Geek Lab -=- bbs.alsgeeklab.com:2323 (21:1/126)
X-FTN-From: 21:1/100.0
X-FTN-Attributes: 0x0100
X-FTN-Control: TID: Mystic BBS 1.12 A49
X-FTN-Seen-By: 1/100 101 102 103 105 106 107 108 109 110 111 112 113 114 116 117 118
X-FTN-Seen-By: 1/119 120 122 124 125 126 127 128 129 130 131 133 136 137 138 139 140
X-FTN-Seen-By: 1/141 142 143 144 145 146 147 149 150 152 155 156 157 158 159 160 161
X-FTN-Seen-By: 1/162 163 164 166 168 169 171 172 173 174 175 177 182 183 186 187 188
X-FTN-Seen-By: 1/189 190 191 193 194 195 197 198 199 200 201 202 203 204 205 206 207
X-FTN-Seen-By: 1/208 210 212 213 214 215 216 217 218 219 220 222 223 224 225 226 227
X-FTN-Seen-By: 1/228 229 230 231 232 234 235 236 237 238 239 240 241 242 244 245 246
X-FTN-Seen-By: 1/249 995 2/100 1202 3/100 4/100 106 5/100
X-FTN-Seen-By: 1/100 101 102 103 105 106 107 108 109 110 111 112 113 114 116 117 118
X-FTN-Seen-By: 1/119 120 122 124 125 126 127 128 129 130 131 133 136 137 138 139 140
X-FTN-Seen-By: 1/141 142 143 144 145 146 147 149 150 152 155 156 157 158 159 160 161
X-FTN-Seen-By: 1/162 163 164 166 168 169 171 172 173 174 175 177 182 183 186 187 188
X-FTN-Seen-By: 1/189 190 191 193 194 195 197 198 199 200 201 202 203 204 205 206 207
X-FTN-Seen-By: 1/208 210 212 213 214 215 216 217 218 219 220 222 223 224 225 226 227
X-FTN-Seen-By: 1/228 229 230 231 232 234 235 236 237 238 239 240 241 242 244 245 246
X-FTN-Seen-By: 1/249 995 2/100 1202 3/100 4/100 106 5/100
X-FTN-Path: 1/126 100
X-FTN-Path: 1/126 100
X-FTN-Tearline: --- Mystic BBS v1.12 A49 2024/05/29 (Linux/64)

>>> BEGIN
H6D4
p=VD v66< {23
ad^_g^`d
_aic`A
}p
{:?FI
33D]2=D866<=23]4@>iabab
>>> END