From: "ibbslastcall" <ibbslastcall@100.1.21.fidonet.org>
Newsgroups: fidonet.fsx_dat
Subject: ibbslastcall-data
Date: Thu, 14 Aug 2025 22:31:08 GMT
Message-ID: 21:4/148.0 4f711e5a
Organization: * Origin: Roon's BBS - Budapest, HUNGARY +36-1-4454412 (21:4/148)
X-FTN-From: 21:1/100.0
X-FTN-Control: PID: SendMsg/2 v1.04
X-FTN-Seen-By: 1/100 101 102 103 105 106 107 108 109 110 111 112 113 114 116 117 118
X-FTN-Seen-By: 1/119 120 122 124 125 126 127 128 129 130 131 133 136 137 138 139 140
X-FTN-Seen-By: 1/141 142 143 144 145 146 147 149 150 152 155 156 157 158 159 160 161
X-FTN-Seen-By: 1/162 163 164 166 168 169 171 172 173 174 175 177 182 183 186 187 188
X-FTN-Seen-By: 1/189 190 191 193 194 195 197 198 199 200 201 202 203 204 205 206 207
X-FTN-Seen-By: 1/208 210 212 213 214 215 216 217 218 219 220 222 223 224 225 226 227
X-FTN-Seen-By: 1/228 229 230 231 232 234 235 236 237 238 239 240 241 242 244 245 246
X-FTN-Seen-By: 1/249 995 2/100 1202 3/100 4/100 101 102 103 104 105 106 107 108 109
X-FTN-Seen-By: 4/110 111 112 113 114 115 117 118 121 122 124 125 128 131 136 137 138
X-FTN-Seen-By: 4/141 142 144 145 147 148 151 153 156 157 158 162 167 172 174 176 177
X-FTN-Seen-By: 4/181 187 5/100
X-FTN-Seen-By: 1/100 101 102 103 105 106 107 108 109 110 111 112 113 114 116 117 118
X-FTN-Seen-By: 1/119 120 122 124 125 126 127 128 129 130 131 133 136 137 138 139 140
X-FTN-Seen-By: 1/141 142 143 144 145 146 147 149 150 152 155 156 157 158 159 160 161
X-FTN-Seen-By: 1/162 163 164 166 168 169 171 172 173 174 175 177 182 183 186 187 188
X-FTN-Seen-By: 1/189 190 191 193 194 195 197 198 199 200 201 202 203 204 205 206 207
X-FTN-Seen-By: 1/208 210 212 213 214 215 216 217 218 219 220 222 223 224 225 226 227
X-FTN-Seen-By: 1/228 229 230 231 232 234 235 236 237 238 239 240 241 242 244 245 246
X-FTN-Seen-By: 1/249 995 2/100 1202 3/100 4/100 101 102 103 104 105 106 107 108 109
X-FTN-Seen-By: 4/110 111 112 113 114 115 117 118 121 122 124 125 128 131 136 137 138
X-FTN-Seen-By: 4/141 142 144 145 147 148 151 153 156 157 158 162 167 172 174 176 177
X-FTN-Seen-By: 4/181 187 5/100
X-FTN-Path: 4/148 100 1/100
X-FTN-Path: 4/148 100 1/100
X-FTN-Tearline: --- Squish/386 v1.11

>>> BEGIN
#@@?
#@@?VD qq$
`d^_g^ad
_fib`
qF52A6DE[ wF?82CJ
~$^a (2CA c]da
33D]C@@?D33D]9Fi`a`a
>>> END