From: "ibbslastcall" <ibbslastcall@100.1.21.fidonet.org>
Newsgroups: fidonet.fsx_dat
Subject: ibbslastcall-data
Date: Thu, 14 Aug 2025 10:54:52 GMT
Message-ID: 39468.fsxnet_fsx_dat@21:4/107 2d0471a8
Organization: * Origin: X-Bit BBS > Oregon USA > x-bit.org (21:4/107)
X-FTN-From: 21:1/100.0
X-FTN-Attributes: 0x0100
X-FTN-Control: PID: Synchronet 3.20b-Win32 master/72dda3b43 Jan 03 2025 MSC 1916
X-FTN-Control: TID: SBBSecho 3.23-Win32 master/72dda3b43 Jan 03 2025 MSC 1916
X-FTN-Control: BBSID: XBITBBS
X-FTN-Control: CHRS: ASCII 1
X-FTN-Seen-By: 1/100 101 102 103 105 106 107 108 109 110 111 112 113 114 116 117 118
X-FTN-Seen-By: 1/119 120 122 124 125 126 127 128 129 130 131 133 136 137 138 139 140
X-FTN-Seen-By: 1/141 142 143 144 145 146 147 149 150 152 155 156 157 158 159 160 161
X-FTN-Seen-By: 1/162 163 164 166 168 169 171 172 173 174 175 177 182 183 186 187 188
X-FTN-Seen-By: 1/189 190 191 193 194 195 197 198 199 200 201 202 203 204 205 206 207
X-FTN-Seen-By: 1/208 210 212 213 214 215 216 217 218 219 220 222 223 224 225 226 227
X-FTN-Seen-By: 1/228 229 230 231 232 234 235 236 237 238 239 240 241 242 244 245 246
X-FTN-Seen-By: 1/249 995 2/100 1202 3/100 4/100 101 102 103 104 105 106 107 108 109
X-FTN-Seen-By: 4/110 111 112 113 114 115 117 118 121 122 124 125 128 131 136 137 138
X-FTN-Seen-By: 4/141 142 144 145 147 148 151 153 156 157 158 162 167 172 174 176 177
X-FTN-Seen-By: 4/181 187 5/100
X-FTN-Seen-By: 1/100 101 102 103 105 106 107 108 109 110 111 112 113 114 116 117 118
X-FTN-Seen-By: 1/119 120 122 124 125 126 127 128 129 130 131 133 136 137 138 139 140
X-FTN-Seen-By: 1/141 142 143 144 145 146 147 149 150 152 155 156 157 158 159 160 161
X-FTN-Seen-By: 1/162 163 164 166 168 169 171 172 173 174 175 177 182 183 186 187 188
X-FTN-Seen-By: 1/189 190 191 193 194 195 197 198 199 200 201 202 203 204 205 206 207
X-FTN-Seen-By: 1/208 210 212 213 214 215 216 217 218 219 220 222 223 224 225 226 227
X-FTN-Seen-By: 1/228 229 230 231 232 234 235 236 237 238 239 240 241 242 244 245 246
X-FTN-Seen-By: 1/249 995 2/100 1202 3/100 4/100 101 102 103 104 105 106 107 108 109
X-FTN-Seen-By: 4/110 111 112 113 114 115 117 118 121 122 124 125 128 131 136 137 138
X-FTN-Seen-By: 4/141 142 144 145 147 148 151 153 156 157 158 162 167 172 174 176 177
X-FTN-Seen-By: 4/181 187 5/100
X-FTN-Path: 4/107 100 1/100
X-FTN-Path: 4/107 100 1/100
X-FTN-Tearline: --- SBBSecho 3.23-Win32

>>> BEGIN
s2G6 z@36C
%96 )\q:E qq$
_g^`c^ad
_fidcA
z6?@D92[ (x
(:?5@HD
I\3:E]@C8
>>> END