From: "ibbslastcall" <ibbslastcall@100.1.21.fidonet.org>
Newsgroups: fidonet.fsx_dat
Subject: ibbslastcall-data
Date: Thu, 14 Aug 2025 15:11:12 GMT
Message-ID: 21:2/114 5100fd9b
Organization: * Origin: Freeside BBS - freeside.bbs.io:23 (21:2/114)
X-FTN-From: 21:1/100.0
X-FTN-Control: TID: Mystic BBS 1.12 A49
X-FTN-Seen-By: 1/100 101 102 103 105 106 107 108 109 110 111 112 113 114 116 117 118
X-FTN-Seen-By: 1/119 120 122 124 125 126 127 128 129 130 131 133 136 137 138 139 140
X-FTN-Seen-By: 1/141 142 143 144 145 146 147 149 150 152 155 156 157 158 159 160 161
X-FTN-Seen-By: 1/162 163 164 166 168 169 171 172 173 174 175 177 182 183 186 187 188
X-FTN-Seen-By: 1/189 190 191 193 194 195 197 198 199 200 201 202 203 204 205 206 207
X-FTN-Seen-By: 1/208 210 212 213 214 215 216 217 218 219 220 222 223 224 225 226 227
X-FTN-Seen-By: 1/228 229 230 231 232 234 235 236 237 238 239 240 241 242 244 245 246
X-FTN-Seen-By: 1/249 995 2/100 101 102 103 104 105 106 107 108 109 110 111 112 114
X-FTN-Seen-By: 2/115 116 118 119 120 121 122 123 124 125 126 127 129 130 131 132 133
X-FTN-Seen-By: 2/134 135 136 137 138 139 140 141 142 144 146 148 149 150 151 152 153
X-FTN-Seen-By: 2/154 156 157 158 159 160 161 162 165 167 168 1202 3/100 4/100 106
X-FTN-Seen-By: 5/100
X-FTN-Seen-By: 1/100 101 102 103 105 106 107 108 109 110 111 112 113 114 116 117 118
X-FTN-Seen-By: 1/119 120 122 124 125 126 127 128 129 130 131 133 136 137 138 139 140
X-FTN-Seen-By: 1/141 142 143 144 145 146 147 149 150 152 155 156 157 158 159 160 161
X-FTN-Seen-By: 1/162 163 164 166 168 169 171 172 173 174 175 177 182 183 186 187 188
X-FTN-Seen-By: 1/189 190 191 193 194 195 197 198 199 200 201 202 203 204 205 206 207
X-FTN-Seen-By: 1/208 210 212 213 214 215 216 217 218 219 220 222 223 224 225 226 227
X-FTN-Seen-By: 1/228 229 230 231 232 234 235 236 237 238 239 240 241 242 244 245 246
X-FTN-Seen-By: 1/249 995 2/100 101 102 103 104 105 106 107 108 109 110 111 112 114
X-FTN-Seen-By: 2/115 116 118 119 120 121 122 123 124 125 126 127 129 130 131 132 133
X-FTN-Seen-By: 2/134 135 136 137 138 139 140 141 142 144 146 148 149 150 151 152 153
X-FTN-Seen-By: 2/154 156 157 158 159 160 161 162 165 167 168 1202 3/100 4/100 106
X-FTN-Seen-By: 5/100
X-FTN-Path: 2/114 100 1/100
X-FTN-Path: 2/114 100 1/100
X-FTN-Tearline: --- Mystic BBS v1.12 A49 2024/05/29 (Windows/32)

>>> BEGIN
+92C@FD
uC66D:56 qq$
_g^`d^ad
`ai``2
(:?5@HD
7C66D:56]33D]:@
>>> END