From: "ibbslastcall" <ibbslastcall@100.1.21.fidonet.org>
Newsgroups: fidonet.fsx_dat
Subject: ibbslastcall-data
Date: Thu, 14 Aug 2025 15:29:14 GMT
Message-ID: 12412.fsx_dat@21:3/189 2d041e16
Organization: * Origin: A-Net Online BBS 21:3/189 (21:3/189)
X-FTN-From: 21:1/100.0
X-FTN-Control: PID: clrghouz 673ed6aa
X-FTN-Control: TID: SBBSecho 3.23-Win32 master/500ef7050 Mar 03 2025 MSC 1942
X-FTN-Control: CHRS: ASCII 1
X-FTN-Control: BBSID: ANETO
X-FTN-Control: DBID: 780427
X-FTN-Seen-By: 1/100 101 102 103 105 106 107 108 109 110 111 112 113 114 116 117 118
X-FTN-Seen-By: 1/119 120 122 124 125 126 127 128 129 130 131 133 136 137 138 139 140
X-FTN-Seen-By: 1/141 142 143 144 145 146 147 149 150 152 155 156 157 158 159 160 161
X-FTN-Seen-By: 1/162 163 164 166 168 169 171 172 173 174 175 177 179 182 183 186 187
X-FTN-Seen-By: 1/188 189 190 191 193 194 195 197 198 199 200 201 202 203 204 205 206
X-FTN-Seen-By: 1/207 208 210 212 213 214 215 216 217 218 219 220 222 223 224 225 226
X-FTN-Seen-By: 1/227 228 229 230 231 232 234 235 236 237 238 239 240 241 242 244 245
X-FTN-Seen-By: 1/246 249 995 2/100 116 1202 3/100 105 107 109 110 111 113 119 120
X-FTN-Seen-By: 3/126 127 130 137 141 156 158 165 167 169 172 174 176 182 183 184 185
X-FTN-Seen-By: 3/188 189 191 193 194 196 199 201 4/100 105 106 5/100 101
X-FTN-Seen-By: 1/100 101 102 103 105 106 107 108 109 110 111 112 113 114 116 117 118
X-FTN-Seen-By: 1/119 120 122 124 125 126 127 128 129 130 131 133 136 137 138 139 140
X-FTN-Seen-By: 1/141 142 143 144 145 146 147 149 150 152 155 156 157 158 159 160 161
X-FTN-Seen-By: 1/162 163 164 166 168 169 171 172 173 174 175 177 179 182 183 186 187
X-FTN-Seen-By: 1/188 189 190 191 193 194 195 197 198 199 200 201 202 203 204 205 206
X-FTN-Seen-By: 1/207 208 210 212 213 214 215 216 217 218 219 220 222 223 224 225 226
X-FTN-Seen-By: 1/227 228 229 230 231 232 234 235 236 237 238 239 240 241 242 244 245
X-FTN-Seen-By: 1/246 249 995 2/100 116 1202 3/100 105 107 109 110 111 113 119 120
X-FTN-Seen-By: 3/126 127 130 137 141 156 158 165 167 169 172 174 176 182 183 184 185
X-FTN-Seen-By: 3/188 189 191 193 194 196 199 201 4/100 105 106 5/100 101
X-FTN-Path: 3/189 100 1/100
X-FTN-Path: 3/189 100 1/100
X-FTN-Tearline: --- SBBSecho 3.23-Win32

>>> BEGIN
+92C@FD
p\}6E ~?=:?6
_g^`d^ad
`aiah2
%6>A6[ pK
(:?5@HD
2\?6E\@?=:?6]=@=
>>> END