From: "Northern Realms" <northern_realms@100.1.21.fidonet.org>
Newsgroups: fidonet.fsx_bot
Subject: 2025 Year Progress
Date: Thu, 14 Aug 2025 15:05:00 GMT
Message-ID: 21:3/110 689eb1ee
Organization: * Origin: Northern Realms (21:3/110)
X-FTN-From: 21:1/100.0
X-FTN-Control: PID: hpt/lnx 1.9 2024-03-02
X-FTN-Control: TID: clrghouz 673ed6aa
X-FTN-Control: CHRS: CP437 2
X-FTN-Control: DBID: 780384
X-FTN-Seen-By: 1/100 101 102 103 105 106 107 108 109 110 111 112 113 114 116 117 118
X-FTN-Seen-By: 1/119 120 121 122 124 125 126 127 128 129 130 131 133 136 137 138 139
X-FTN-Seen-By: 1/140 141 142 143 144 145 146 147 149 150 152 153 155 156 157 158 159
X-FTN-Seen-By: 1/160 161 162 163 164 166 168 169 171 172 174 175 177 179 181 182 183
X-FTN-Seen-By: 1/186 187 188 189 190 191 193 194 197 198 199 200 201 202 203 204 205
X-FTN-Seen-By: 1/206 207 208 210 211 212 213 214 215 216 217 218 219 220 222 223 224
X-FTN-Seen-By: 1/225 226 227 228 229 230 231 232 234 235 236 237 238 239 240 241 242
X-FTN-Seen-By: 1/244 245 246 247 249 995 2/100 116 1202 3/100 105 107 109 110 111
X-FTN-Seen-By: 3/113 119 120 126 127 130 135 137 141 156 158 165 167 169 172 174 176
X-FTN-Seen-By: 3/182 183 184 185 188 189 191 193 194 196 199 201 4/100 105 106 5/100
X-FTN-Seen-By: 5/101
X-FTN-Seen-By: 1/100 101 102 103 105 106 107 108 109 110 111 112 113 114 116 117 118
X-FTN-Seen-By: 1/119 120 121 122 124 125 126 127 128 129 130 131 133 136 137 138 139
X-FTN-Seen-By: 1/140 141 142 143 144 145 146 147 149 150 152 153 155 156 157 158 159
X-FTN-Seen-By: 1/160 161 162 163 164 166 168 169 171 172 174 175 177 179 181 182 183
X-FTN-Seen-By: 1/186 187 188 189 190 191 193 194 197 198 199 200 201 202 203 204 205
X-FTN-Seen-By: 1/206 207 208 210 211 212 213 214 215 216 217 218 219 220 222 223 224
X-FTN-Seen-By: 1/225 226 227 228 229 230 231 232 234 235 236 237 238 239 240 241 242
X-FTN-Seen-By: 1/244 245 246 247 249 995 2/100 116 1202 3/100 105 107 109 110 111
X-FTN-Seen-By: 3/113 119 120 126 127 130 135 137 141 156 158 165 167 169 172 174 176
X-FTN-Seen-By: 3/182 183 184 185 188 189 191 193 194 196 199 201 4/100 105 106 5/100
X-FTN-Seen-By: 5/101
X-FTN-Path: 3/110 100 1/100
X-FTN-Path: 3/110 100 1/100
X-FTN-Tearline: --- up 3 days, 16 hours, 46 minutes

227
1 께께께께께께께께께께께께께께께께께께께께께께껑같같같같같같같같같같같같같 365
                                   62.19%