From: "mary4" <mary4@100.1.21.fidonet.org>
Newsgroups: fidonet.fsx_gen
Subject: Re: I HATE ALGORITHMS
Date: Thu, 14 Aug 2025 10:45:39 GMT
Message-ID: 21:2/150 820f4570
References: 89397.fsxnetfsx_gen@21:2/101 2d0227a4
Organization: * Origin: 2o fOr beeRS bbs>>>20ForBeers.com:1337 (21:2/150)
X-FTN-From: 21:1/100.0
X-FTN-Control: TID: Mystic BBS 1.12 A49
X-FTN-Seen-By: 1/100 101 102 103 105 106 107 108 109 110 111 112 113 114 116 117 118
X-FTN-Seen-By: 1/119 120 121 122 123 124 125 126 127 128 129 130 131 133 135 136 137
X-FTN-Seen-By: 1/138 139 140 141 142 143 144 145 146 147 148 149 150 152 153 155 156
X-FTN-Seen-By: 1/157 158 159 160 161 162 163 164 166 168 169 171 172 173 174 175 176
X-FTN-Seen-By: 1/177 178 181 182 183 186 187 188 189 190 191 193 194 195 197 198 199
X-FTN-Seen-By: 1/200 201 202 203 204 205 206 207 208 210 211 212 213 214 215 216 217
X-FTN-Seen-By: 1/218 219 220 222 223 224 225 226 227 228 229 230 231 232 234 235 236
X-FTN-Seen-By: 1/237 238 239 240 241 242 244 245 246 247 248 249 616 995 999 2/100
X-FTN-Seen-By: 2/101 102 103 104 105 106 107 108 109 110 111 112 114 115 116 118 119
X-FTN-Seen-By: 2/120 121 122 123 124 125 126 127 128 129 130 131 132 133 134 135 136
X-FTN-Seen-By: 2/137 138 139 140 141 142 144 145 146 147 148 149 150 151 152 153 154
X-FTN-Seen-By: 2/156 157 158 159 160 161 162 165 167 168 1202 3/100 4/100 106 5/100
X-FTN-Seen-By: 1/100 101 102 103 105 106 107 108 109 110 111 112 113 114 116 117 118
X-FTN-Seen-By: 1/119 120 121 122 123 124 125 126 127 128 129 130 131 133 135 136 137
X-FTN-Seen-By: 1/138 139 140 141 142 143 144 145 146 147 148 149 150 152 153 155 156
X-FTN-Seen-By: 1/157 158 159 160 161 162 163 164 166 168 169 171 172 173 174 175 176
X-FTN-Seen-By: 1/177 178 181 182 183 186 187 188 189 190 191 193 194 195 197 198 199
X-FTN-Seen-By: 1/200 201 202 203 204 205 206 207 208 210 211 212 213 214 215 216 217
X-FTN-Seen-By: 1/218 219 220 222 223 224 225 226 227 228 229 230 231 232 234 235 236
X-FTN-Seen-By: 1/237 238 239 240 241 242 244 245 246 247 248 249 616 995 999 2/100
X-FTN-Seen-By: 2/101 102 103 104 105 106 107 108 109 110 111 112 114 115 116 118 119
X-FTN-Seen-By: 2/120 121 122 123 124 125 126 127 128 129 130 131 132 133 134 135 136
X-FTN-Seen-By: 2/137 138 139 140 141 142 144 145 146 147 148 149 150 151 152 153 154
X-FTN-Seen-By: 2/156 157 158 159 160 161 162 165 167 168 1202 3/100 4/100 106 5/100
X-FTN-Path: 2/150 100 1/100
X-FTN-Path: 2/150 100 1/100
X-FTN-Tearline: --- Mystic BBS v1.12 A49 2024/05/29 (Linux/64)

MM> Just couldn't think of anything to say?
LOLOLOLOLOLOL XDDDDDDD